funcid,dim,milestone,error
27,10,1,4.065506e+02
27,10,2,4.065506e+02
27,10,3,4.065506e+02
27,10,5,4.065506e+02
27,10,10,4.039612e+02
27,10,20,4.033834e+02
27,10,30,4.002439e+02
27,10,40,4.002439e+02
27,10,50,4.002439e+02
27,10,60,3.982039e+02
27,10,70,3.982039e+02
27,10,80,3.982039e+02
27,10,90,3.982039e+02
27,10,100,3.982039e+02
27,10,1,4.072095e+02
27,10,2,4.012206e+02
27,10,3,4.012206e+02
27,10,5,4.003084e+02
27,10,10,3.974041e+02
27,10,20,3.938956e+02
27,10,30,3.938956e+02
27,10,40,3.933409e+02
27,10,50,3.933030e+02
27,10,60,3.933030e+02
27,10,70,3.933030e+02
27,10,80,3.933030e+02
27,10,90,3.926259e+02
27,10,100,3.922950e+02
27,10,1,3.967039e+02
27,10,2,3.967039e+02
27,10,3,3.944423e+02
27,10,5,3.830442e+02
27,10,10,3.828455e+02
27,10,20,3.816677e+02
27,10,30,3.814314e+02
27,10,40,3.814314e+02
27,10,50,3.814314e+02
27,10,60,3.814314e+02
27,10,70,3.814314e+02
27,10,80,3.814314e+02
27,10,90,3.814314e+02
27,10,100,3.814314e+02
27,10,1,4.762630e+02
27,10,2,4.753428e+02
27,10,3,4.751215e+02
27,10,5,4.744229e+02
27,10,10,4.741732e+02
27,10,20,4.503845e+02
27,10,30,4.408442e+02
27,10,40,4.406037e+02
27,10,50,4.405132e+02
27,10,60,4.405125e+02
27,10,70,4.405094e+02
27,10,80,4.404445e+02
27,10,90,4.404181e+02
27,10,100,4.403762e+02
27,10,1,4.201344e+02
27,10,2,4.152089e+02
27,10,3,4.152089e+02
27,10,5,4.075114e+02
27,10,10,4.074304e+02
27,10,20,4.055448e+02
27,10,30,4.053187e+02
27,10,40,4.052336e+02
27,10,50,4.052138e+02
27,10,60,4.052138e+02
27,10,70,4.052095e+02
27,10,80,4.052095e+02
27,10,90,4.052095e+02
27,10,100,4.052024e+02
27,10,1,4.078860e+02
27,10,2,4.067396e+02
27,10,3,4.064447e+02
27,10,5,4.064447e+02
27,10,10,4.012279e+02
27,10,20,3.953701e+02
27,10,30,3.952704e+02
27,10,40,3.951413e+02
27,10,50,3.951271e+02
27,10,60,3.951260e+02
27,10,70,3.951260e+02
27,10,80,3.951260e+02
27,10,90,3.951140e+02
27,10,100,3.951140e+02
27,10,1,4.238353e+02
27,10,2,4.101690e+02
27,10,3,4.023263e+02
27,10,5,3.989719e+02
27,10,10,3.974291e+02
27,10,20,3.963026e+02
27,10,30,3.945280e+02
27,10,40,3.945278e+02
27,10,50,3.943068e+02
27,10,60,3.942836e+02
27,10,70,3.941058e+02
27,10,80,3.941058e+02
27,10,90,3.940274e+02
27,10,100,3.940274e+02
27,10,1,4.159428e+02
27,10,2,4.159428e+02
27,10,3,4.157124e+02
27,10,5,4.154148e+02
27,10,10,4.120439e+02
27,10,20,4.113521e+02
27,10,30,4.113521e+02
27,10,40,4.064264e+02
27,10,50,4.045033e+02
27,10,60,3.973757e+02
27,10,70,3.963787e+02
27,10,80,3.961964e+02
27,10,90,3.961964e+02
27,10,100,3.961019e+02
27,10,1,4.368014e+02
27,10,2,4.032659e+02
27,10,3,4.030680e+02
27,10,5,4.029153e+02
27,10,10,4.027696e+02
27,10,20,4.017493e+02
27,10,30,4.014982e+02
27,10,40,4.014442e+02
27,10,50,4.013938e+02
27,10,60,4.013938e+02
27,10,70,4.013938e+02
27,10,80,4.013938e+02
27,10,90,4.013938e+02
27,10,100,4.013938e+02
27,10,1,4.058875e+02
27,10,2,3.979817e+02
27,10,3,3.971590e+02
27,10,5,3.965091e+02
27,10,10,3.965091e+02
27,10,20,3.959756e+02
27,10,30,3.952117e+02
27,10,40,3.931064e+02
27,10,50,3.931064e+02
27,10,60,3.926535e+02
27,10,70,3.924490e+02
27,10,80,3.922292e+02
27,10,90,3.920770e+02
27,10,100,3.920770e+02
27,10,1,4.100997e+02
27,10,2,4.100997e+02
27,10,3,4.091743e+02
27,10,5,4.084435e+02
27,10,10,4.070197e+02
27,10,20,3.964456e+02
27,10,30,3.958357e+02
27,10,40,3.952707e+02
27,10,50,3.951097e+02
27,10,60,3.951097e+02
27,10,70,3.951097e+02
27,10,80,3.951097e+02
27,10,90,3.942584e+02
27,10,100,3.940139e+02
27,10,1,1.197464e+03
27,10,2,4.173992e+02
27,10,3,4.066865e+02
27,10,5,4.043179e+02
27,10,10,3.999851e+02
27,10,20,3.978064e+02
27,10,30,3.977421e+02
27,10,40,3.977421e+02
27,10,50,3.975658e+02
27,10,60,3.975658e+02
27,10,70,3.975658e+02
27,10,80,3.975658e+02
27,10,90,3.974915e+02
27,10,100,3.974915e+02
27,10,1,1.197464e+03
27,10,2,4.429407e+02
27,10,3,4.150124e+02
27,10,5,4.099708e+02
27,10,10,4.055694e+02
27,10,20,4.019590e+02
27,10,30,4.006359e+02
27,10,40,3.996098e+02
27,10,50,3.996098e+02
27,10,60,3.972473e+02
27,10,70,3.968450e+02
27,10,80,3.968450e+02
27,10,90,3.962080e+02
27,10,100,3.962080e+02
27,10,1,1.197464e+03
27,10,2,4.871399e+02
27,10,3,4.486150e+02
27,10,5,4.234395e+02
27,10,10,4.040871e+02
27,10,20,3.982446e+02
27,10,30,3.982412e+02
27,10,40,3.973269e+02
27,10,50,3.967296e+02
27,10,60,3.966206e+02
27,10,70,3.966206e+02
27,10,80,3.959137e+02
27,10,90,3.955446e+02
27,10,100,3.955446e+02
27,10,1,1.197464e+03
27,10,2,4.688125e+02
27,10,3,4.074909e+02
27,10,5,4.074909e+02
27,10,10,4.074909e+02
27,10,20,4.074909e+02
27,10,30,4.074909e+02
27,10,40,4.074909e+02
27,10,50,4.074909e+02
27,10,60,4.074909e+02
27,10,70,4.074909e+02
27,10,80,4.074909e+02
27,10,90,4.074909e+02
27,10,100,4.074909e+02
27,10,1,1.197464e+03
27,10,2,4.349085e+02
27,10,3,4.349085e+02
27,10,5,4.349085e+02
27,10,10,4.284472e+02
27,10,20,4.203230e+02
27,10,30,4.203230e+02
27,10,40,4.130175e+02
27,10,50,4.130175e+02
27,10,60,4.130175e+02
27,10,70,4.130175e+02
27,10,80,4.109879e+02
27,10,90,4.028241e+02
27,10,100,4.018156e+02
27,10,1,1.197464e+03
27,10,2,4.338422e+02
27,10,3,4.072442e+02
27,10,5,3.997479e+02
27,10,10,3.964494e+02
27,10,20,3.949167e+02
27,10,30,3.944618e+02
27,10,40,3.944618e+02
27,10,50,3.944618e+02
27,10,60,3.942529e+02
27,10,70,3.941548e+02
27,10,80,3.941548e+02
27,10,90,3.941129e+02
27,10,100,3.941129e+02
27,10,1,1.197464e+03
27,10,2,4.424115e+02
27,10,3,4.199033e+02
27,10,5,4.128709e+02
27,10,10,3.996553e+02
27,10,20,3.972026e+02
27,10,30,3.966248e+02
27,10,40,3.964584e+02
27,10,50,3.963864e+02
27,10,60,3.963431e+02
27,10,70,3.963431e+02
27,10,80,3.963431e+02
27,10,90,3.961319e+02
27,10,100,3.961236e+02
