funcid,dim,milestone,error
24,10,1,4.003850e+02
24,10,2,4.003850e+02
24,10,3,3.890678e+02
24,10,5,3.780970e+02
24,10,10,3.768496e+02
24,10,20,3.762190e+02
24,10,30,3.762190e+02
24,10,40,3.762190e+02
24,10,50,3.762190e+02
24,10,60,3.762190e+02
24,10,70,3.762190e+02
24,10,80,3.762190e+02
24,10,90,3.740328e+02
24,10,100,3.732594e+02
24,10,1,3.887233e+02
24,10,2,3.841814e+02
24,10,3,3.764834e+02
24,10,5,3.671628e+02
24,10,10,3.671628e+02
24,10,20,3.671628e+02
24,10,30,3.671628e+02
24,10,40,3.671628e+02
24,10,50,3.671628e+02
24,10,60,3.573066e+02
24,10,70,3.573066e+02
24,10,80,3.573066e+02
24,10,90,3.573066e+02
24,10,100,3.573066e+02
24,10,1,4.044821e+02
24,10,2,3.969854e+02
24,10,3,3.943796e+02
24,10,5,3.845539e+02
24,10,10,3.845357e+02
24,10,20,3.751939e+02
24,10,30,3.742572e+02
24,10,40,3.719982e+02
24,10,50,3.719982e+02
24,10,60,3.691942e+02
24,10,70,3.691942e+02
24,10,80,3.691942e+02
24,10,90,3.682171e+02
24,10,100,3.574984e+02
24,10,1,3.926011e+02
24,10,2,3.833200e+02
24,10,3,3.822627e+02
24,10,5,3.817602e+02
24,10,10,3.814269e+02
24,10,20,3.813839e+02
24,10,30,3.812792e+02
24,10,40,3.812266e+02
24,10,50,3.811646e+02
24,10,60,3.811504e+02
24,10,70,3.433938e+02
24,10,80,3.411632e+02
24,10,90,3.409543e+02
24,10,100,3.409038e+02
24,10,1,4.130457e+02
24,10,2,4.086347e+02
24,10,3,4.077082e+02
24,10,5,4.052336e+02
24,10,10,3.790345e+02
24,10,20,3.757255e+02
24,10,30,3.710657e+02
24,10,40,3.677811e+02
24,10,50,3.675366e+02
24,10,60,3.675366e+02
24,10,70,3.672667e+02
24,10,80,3.662323e+02
24,10,90,3.640701e+02
24,10,100,3.639781e+02
24,10,1,4.315909e+02
24,10,2,4.315909e+02
24,10,1,4.016686e+02
24,10,2,3.995928e+02
24,10,3,3.885669e+02
24,10,5,3.862965e+02
24,10,10,3.832874e+02
24,10,20,3.712784e+02
24,10,30,3.681695e+02
24,10,40,3.663658e+02
24,10,50,3.660529e+02
24,10,60,3.658891e+02
24,10,70,3.645307e+02
24,10,80,3.644867e+02
24,10,90,3.644213e+02
24,10,100,3.644213e+02
24,10,1,4.142508e+02
24,10,2,4.069781e+02
24,10,3,3.942016e+02
24,10,5,3.899741e+02
24,10,10,3.868488e+02
24,10,20,3.795838e+02
24,10,30,3.787408e+02
24,10,40,3.786818e+02
24,10,50,3.786818e+02
24,10,60,3.784063e+02
24,10,70,3.777795e+02
24,10,80,3.775212e+02
24,10,90,3.773977e+02
24,10,100,3.773977e+02
24,10,1,3.948296e+02
24,10,2,3.918038e+02
24,10,3,3.823651e+02
24,10,5,3.707003e+02
24,10,10,3.666750e+02
24,10,20,3.613790e+02
24,10,30,3.602739e+02
24,10,40,3.602739e+02
24,10,50,3.602739e+02
24,10,60,3.602739e+02
24,10,70,3.602739e+02
24,10,80,3.602739e+02
24,10,90,3.602739e+02
24,10,100,3.602739e+02
24,10,1,4.014516e+02
24,10,2,4.013996e+02
24,10,3,3.919639e+02
24,10,5,3.882650e+02
24,10,10,3.878242e+02
24,10,20,3.858995e+02
24,10,30,3.699757e+02
24,10,40,3.699757e+02
24,10,50,3.699757e+02
24,10,60,3.699757e+02
24,10,70,3.699757e+02
24,10,80,3.699757e+02
24,10,90,3.699757e+02
24,10,100,3.699757e+02
24,10,1,4.313008e+02
24,10,2,4.169585e+02
24,10,3,4.110288e+02
24,10,5,4.075997e+02
24,10,10,3.971955e+02
24,10,20,3.814145e+02
24,10,30,3.788855e+02
24,10,40,3.777677e+02
24,10,50,3.777677e+02
24,10,60,3.767363e+02
24,10,70,3.748176e+02
24,10,80,3.748176e+02
24,10,90,3.748176e+02
24,10,100,3.748176e+02
24,10,1,4.025734e+02
24,10,2,3.985337e+02
24,10,3,3.800766e+02
24,10,5,3.738050e+02
24,10,10,3.738050e+02
24,10,20,3.628312e+02
24,10,30,3.590235e+02
24,10,40,3.568786e+02
24,10,50,3.557084e+02
24,10,60,3.557084e+02
24,10,70,3.557084e+02
24,10,80,3.557084e+02
24,10,90,3.557084e+02
24,10,100,3.557084e+02
24,10,1,3.884636e+02
24,10,2,3.884636e+02
24,10,3,3.857362e+02
24,10,5,3.803259e+02
24,10,10,3.584723e+02
24,10,20,3.584723e+02
24,10,30,3.584723e+02
24,10,40,3.584723e+02
24,10,50,3.575667e+02
24,10,60,3.575667e+02
24,10,70,3.558183e+02
24,10,80,3.551912e+02
24,10,90,3.551912e+02
24,10,100,3.551912e+02
24,10,1,4.289415e+02
24,10,2,4.003327e+02
24,10,3,3.947297e+02
24,10,5,3.855046e+02
24,10,10,3.805387e+02
24,10,20,3.744194e+02
24,10,30,3.682113e+02
24,10,40,3.665712e+02
24,10,50,3.603148e+02
24,10,60,3.586612e+02
24,10,70,3.571321e+02
24,10,80,3.555330e+02
24,10,90,3.555330e+02
24,10,100,3.555330e+02
24,10,1,4.200601e+02
24,10,2,4.200601e+02
24,10,3,4.080482e+02
24,10,5,3.981871e+02
24,10,10,3.934009e+02
24,10,20,3.719400e+02
24,10,30,3.719400e+02
24,10,40,3.656441e+02
24,10,50,3.627228e+02
24,10,60,3.627228e+02
24,10,70,3.627228e+02
24,10,80,3.600983e+02
24,10,90,3.600983e+02
24,10,100,3.600983e+02
24,10,1,4.497269e+02
24,10,2,4.168346e+02
24,10,3,4.168346e+02
24,10,5,4.168346e+02
24,10,10,3.888819e+02
24,10,20,3.888819e+02
24,10,30,3.888819e+02
24,10,40,3.888819e+02
24,10,50,3.888819e+02
24,10,60,3.888819e+02
24,10,70,3.888819e+02
24,10,80,3.888819e+02
24,10,90,3.888819e+02
24,10,100,3.888819e+02
24,10,1,4.838388e+02
24,10,2,4.838388e+02
24,10,3,4.746192e+02
24,10,5,4.440386e+02
24,10,10,4.440386e+02
24,10,20,4.354391e+02
24,10,30,4.253677e+02
24,10,40,4.090731e+02
24,10,50,4.090731e+02
24,10,60,4.090731e+02
24,10,70,4.064185e+02
24,10,80,3.979218e+02
24,10,90,3.979218e+02
24,10,100,3.979218e+02
24,10,1,3.981014e+02
24,10,2,3.858116e+02
24,10,3,3.816096e+02
24,10,5,3.757253e+02
24,10,10,3.682652e+02
24,10,20,3.674052e+02
24,10,30,3.640743e+02
24,10,40,3.602100e+02
24,10,50,3.602100e+02
24,10,60,3.602100e+02
24,10,70,3.578362e+02
24,10,80,3.566307e+02
24,10,90,3.566307e+02
24,10,100,3.566307e+02
24,10,1,4.219256e+02
24,10,2,3.976209e+02
24,10,3,3.976209e+02
24,10,5,3.815906e+02
24,10,10,3.688862e+02
24,10,20,3.604668e+02
24,10,30,2.715782e+02
24,10,40,1.394952e+02
24,10,50,1.162350e+02
24,10,60,1.128977e+02
24,10,70,1.092100e+02
24,10,80,1.092100e+02
24,10,90,1.092100e+02
24,10,100,1.092100e+02
